======================================================================
BOUNDNESS CHECK — Particles per galaxy per snapshot
Target galaxies (selected from RR snap 19): [3700, 714, 1250, 22616, 3739, 24719, 701, 10998, 7828, 12264, 19057, 2582, 42993, 22552, 31998, 10527, 28706, 24188, 46263, 15632]
======================================================================


Per-snapshot totals (all assigned particles):
  snap  RR_total  AC_total      diff     rel_err
     0       688       688         0    0.000000
     1       789       789         0    0.000000
     2      3409      3409         0    0.000000
     3      9596      9357       239    0.024906
     4     36076     34124      1952    0.054108
     5     45408     42443      2965    0.065297
     6     50326     46597      3729    0.074097
     7     93482     77982     15500    0.165807
     8    144092    122656     21436    0.148766
     9    153131    128251     24880    0.162475
    10    173918    142539     31379    0.180424
    11    205329    172182     33147    0.161434
    12    233107    198854     34253    0.146941
    13    233137    198901     34236    0.146849
    14    292061    229432     62629    0.214438
    15    357897    263073     94824    0.264948
    16    364019    266808     97211    0.267049
    17    400322    299406    100916    0.252087
    18    448544    335527    113017    0.251964
    19    457853    344516    113337    0.247540


Per-galaxy detail (target galaxies):

Galaxy 3700:
  snap      N_rr      N_ac      diff     rel_err
     0       427       427         0    0.000000
     1         0         0         0    0.000000
     2         0         0         0    0.000000
     3       358       358         0    0.000000
     4      1373      1373         0    0.000000
     5      1372      1372         0    0.000000
     6      1378      1378         0    0.000000
     7      1396      1396         0    0.000000
     8     13973     13976         3    0.000215
     9     16791     16791         0    0.000000
    10     17707     17708         1    0.000056
    11     29265     29266         1    0.000034
    12     34401     34400         1    0.000029
    13     34895     34896         1    0.000029
    14     34980     34980         0    0.000000
    15     42566     42567         1    0.000023
    16     43869     43869         0    0.000000
    17     51175     51175         0    0.000000
    18     56492     56490         2    0.000035
    19     54604     54605         1    0.000018
  -> median_rel=0.000000  max_rel=0.000215

Galaxy 714:
  snap      N_rr      N_ac      diff     rel_err
     0       172       172         0    0.000000
     1       256       256         0    0.000000
     2      1647      1647         0    0.000000
     3      1674      1674         0    0.000000
     4      2356      2356         0    0.000000
     5      2581      2581         0    0.000000
     6      2581      2581         0    0.000000
     7      2976      2976         0    0.000000
     8      3051      3051         0    0.000000
     9      3252      3252         0    0.000000
    10      3882      3882         0    0.000000
    11      4627      4627         0    0.000000
    12      4889      4889         0    0.000000
    13      4899      4895         4    0.000816
    14     12752     14252      1500    0.105248
    15     18077     17923       154    0.008519
    16     18616     18545        71    0.003814
    17     24106     23501       605    0.025097
    18     17906     18463       557    0.030168
    19     23466     23572       106    0.004497
  -> median_rel=0.000000  max_rel=0.105248

Galaxy 1250:
  snap      N_rr      N_ac      diff     rel_err
     0         0         0         0    0.000000
     1         0         0         0    0.000000
     2         0         0         0    0.000000
     3       252       252         0    0.000000
     4      1352      1352         0    0.000000
     5      1393      1393         0    0.000000
     6      1393      1393         0    0.000000
     7      1436      1436         0    0.000000
     8      1677      1677         0    0.000000
     9      1813      1813         0    0.000000
    10      1585      1703       118    0.069289
    11       431       527        96    0.182163
    12       255       257         2    0.007782
    13       239       258        19    0.073643
    14      4894      3563      1331    0.271966
    15      7229      7443       214    0.028752
    16      7177      7253        76    0.010478
    17     11521     12243       722    0.058972
    18     22754     22242       512    0.022502
    19     19536     19470        66    0.003378
  -> median_rel=0.007782  max_rel=0.271966

Galaxy 22616:
  snap      N_rr      N_ac      diff     rel_err
     0         0         0         0    0.000000
     1         0         0         0    0.000000
     2         0         0         0    0.000000
     3         0         0         0    0.000000
     4         0         0         0    0.000000
     5         0         0         0    0.000000
     6         0         0         0    0.000000
     7         0         0         0    0.000000
     8         0         0         0    0.000000
     9         0         0         0    0.000000
    10         0         0         0    0.000000
    11         0         0         0    0.000000
    12         0         0         0    0.000000
    13         0         0         0    0.000000
    14         0         0         0    0.000000
    15     15569         0     15569    1.000000
    16     17694         0     17694    1.000000
    17     17744         0     17744    1.000000
    18     17730         0     17730    1.000000
    19     17728         0     17728    1.000000
  -> median_rel=1.000000  max_rel=1.000000

Galaxy 3739:
  snap      N_rr      N_ac      diff     rel_err
     0         0         0         0    0.000000
     1         0         0         0    0.000000
     2         0         0         0    0.000000
     3         0         0         0    0.000000
     4         0         0         0    0.000000
     5         0         0         0    0.000000
     6         0         0         0    0.000000
     7       129       129         0    0.000000
     8       271       174        97    0.357934
     9       960       963         3    0.003115
    10      1152      1152         0    0.000000
    11      1638      1638         0    0.000000
    12      1675      1675         0    0.000000
    13      1675      1675         0    0.000000
    14      2028      1827       201    0.099112
    15      4336      4336         0    0.000000
    16      4347      4347         0    0.000000
    17      5024      5020         4    0.000796
    18     12349     12346         3    0.000243
    19     16823     16822         1    0.000059
  -> median_rel=0.000000  max_rel=0.357934

Galaxy 24719:
  snap      N_rr      N_ac      diff     rel_err
     0         0         0         0    0.000000
     1         0         0         0    0.000000
     2         0         0         0    0.000000
     3         0         0         0    0.000000
     4         0         0         0    0.000000
     5         0         0         0    0.000000
     6         0         0         0    0.000000
     7         0         0         0    0.000000
     8         0         0         0    0.000000
     9         0         0         0    0.000000
    10         0         0         0    0.000000
    11         0         0         0    0.000000
    12         0         0         0    0.000000
    13         0         0         0    0.000000
    14     12450         0     12450    1.000000
    15     12212         0     12212    1.000000
    16     12072         0     12072    1.000000
    17     13153         0     13153    1.000000
    18     13449         0     13449    1.000000
    19     13550         0     13550    1.000000
  -> median_rel=1.000000  max_rel=1.000000

Galaxy 701:
  snap      N_rr      N_ac      diff     rel_err
     0         0         0         0    0.000000
     1         0         0         0    0.000000
     2         0         0         0    0.000000
     3         0         0         0    0.000000
     4         0         0         0    0.000000
     5         0         0         0    0.000000
     6      1580      1580         0    0.000000
     7      2129      2129         0    0.000000
     8      2691      2691         0    0.000000
     9      2916      2916         0    0.000000
    10      3772      3772         0    0.000000
    11      5236      5215        21    0.004011
    12      6485      6436        49    0.007556
    13      6522      6504        18    0.002760
    14     10320     10320         0    0.000000
    15     10588     10588         0    0.000000
    16     10818     10818         0    0.000000
    17     12100     12102         2    0.000165
    18     12944     12948         4    0.000309
    19     13036     13035         1    0.000077
  -> median_rel=0.000000  max_rel=0.007556

Galaxy 10998:
  snap      N_rr      N_ac      diff     rel_err
     0         0         0         0    0.000000
     1         0         0         0    0.000000
     2         0         0         0    0.000000
     3         0         0         0    0.000000
     4         0         0         0    0.000000
     5         0         0         0    0.000000
     6         0         0         0    0.000000
     7         0         0         0    0.000000
     8         0         0         0    0.000000
     9         0         0         0    0.000000
    10      1934      1934         0    0.000000
    11      2116      2116         0    0.000000
    12      2313      2283        30    0.012970
    13      2239      2283        44    0.019273
    14      4226      3891       335    0.079271
    15      5363      5405        42    0.007771
    16      5969      5967         2    0.000335
    17      9315      9312         3    0.000322
    18     12911     12848        63    0.004880
    19     12636     12563        73    0.005777
  -> median_rel=0.005328  max_rel=0.079271

Galaxy 7828:
  snap      N_rr      N_ac      diff     rel_err
     0         0         0         0    0.000000
     1         0         0         0    0.000000
     2         0         0         0    0.000000
     3         0         0         0    0.000000
     4       108         0       108    1.000000
     5       107         0       107    1.000000
     6       107         0       107    1.000000
     7      2974         0      2974    1.000000
     8      3660         0      3660    1.000000
     9      3629         0      3629    1.000000
    10      3726         0      3726    1.000000
    11      4323         0      4323    1.000000
    12      4715         0      4715    1.000000
    13      4770         0      4770    1.000000
    14      5879         0      5879    1.000000
    15      9116         0      9116    1.000000
    16      8981         0      8981    1.000000
    17     11447         0     11447    1.000000
    18     11905         0     11905    1.000000
    19     12092         0     12092    1.000000
  -> median_rel=1.000000  max_rel=1.000000

Galaxy 12264:
  snap      N_rr      N_ac      diff     rel_err
     0         0         0         0    0.000000
     1         0         0         0    0.000000
     2         0         0         0    0.000000
     3         0         0         0    0.000000
     4         0         0         0    0.000000
     5         0         0         0    0.000000
     6         0         0         0    0.000000
     7         0         0         0    0.000000
     8         0         0         0    0.000000
     9         0         0         0    0.000000
    10         0         0         0    0.000000
    11         0         0         0    0.000000
    12         0         0         0    0.000000
    13         0         0         0    0.000000
    14         1         0         1    1.000000
    15     11691         0     11691    1.000000
    16     11697         0     11697    1.000000
    17     11697         0     11697    1.000000
    18     11693         0     11693    1.000000
    19     11693         0     11693    1.000000
  -> median_rel=1.000000  max_rel=1.000000

Galaxy 19057:
  snap      N_rr      N_ac      diff     rel_err
     0         0         0         0    0.000000
     1         0         0         0    0.000000
     2         0         0         0    0.000000
     3         0         0         0    0.000000
     4         0         0         0    0.000000
     5         0         0         0    0.000000
     6         0         0         0    0.000000
     7         0         0         0    0.000000
     8         0         0         0    0.000000
     9         0         0         0    0.000000
    10         0         0         0    0.000000
    11         0         0         0    0.000000
    12         0         0         0    0.000000
    13         0         0         0    0.000000
    14         0         0         0    0.000000
    15       335       335         0    0.000000
    16       342       342         0    0.000000
    17       365       365         0    0.000000
    18       385       385         0    0.000000
    19       385       385         0    0.000000
  -> median_rel=0.000000  max_rel=0.000000

Galaxy 2582:
  snap      N_rr      N_ac      diff     rel_err
     0         0         0         0    0.000000
     1         0         0         0    0.000000
     2         0         0         0    0.000000
     3         0         0         0    0.000000
     4         0         0         0    0.000000
     5         0         0         0    0.000000
     6         0         0         0    0.000000
     7         8         8         0    0.000000
     8       108       109         1    0.009174
     9       269       269         0    0.000000
    10       269       269         0    0.000000
    11       269       268         1    0.003717
    12       273       272         1    0.003663
    13       273       272         1    0.003663
    14       272       272         0    0.000000
    15       334       329         5    0.014970
    16       334       329         5    0.014970
    17       317       312         5    0.015773
    18       376       371         5    0.013298
    19       376       371         5    0.013298
  -> median_rel=0.006446  max_rel=0.015773

Galaxy 42993:
  snap      N_rr      N_ac      diff     rel_err
     0         0         0         0    0.000000
     1         0         0         0    0.000000
     2         0         0         0    0.000000
     3         0         0         0    0.000000
     4         0         0         0    0.000000
     5         0         0         0    0.000000
     6         0         0         0    0.000000
     7         0         0         0    0.000000
     8         0         0         0    0.000000
     9         0         0         0    0.000000
    10         0         0         0    0.000000
    11         0         0         0    0.000000
    12       243         0       243    1.000000
    13       249         0       249    1.000000
    14       372         0       372    1.000000
    15       375         0       375    1.000000
    16       375         0       375    1.000000
    17       375         0       375    1.000000
    18       374         0       374    1.000000
    19       375         0       375    1.000000
  -> median_rel=1.000000  max_rel=1.000000

Galaxy 22552:
  snap      N_rr      N_ac      diff     rel_err
     0         0         0         0    0.000000
     1         0         0         0    0.000000
     2         0         0         0    0.000000
     3         0         0         0    0.000000
     4         0         0         0    0.000000
     5         0         0         0    0.000000
     6       331         0       331    1.000000
     7       354         0       354    1.000000
     8       354         0       354    1.000000
     9       354         0       354    1.000000
    10       354         0       354    1.000000
    11       354         0       354    1.000000
    12       354         0       354    1.000000
    13       354         0       354    1.000000
    14       354         0       354    1.000000
    15       354         0       354    1.000000
    16       354         0       354    1.000000
    17       353         0       353    1.000000
    18       354         0       354    1.000000
    19       354         0       354    1.000000
  -> median_rel=1.000000  max_rel=1.000000

Galaxy 31998:
  snap      N_rr      N_ac      diff     rel_err
     0         0         0         0    0.000000
     1         0         0         0    0.000000
     2         0         0         0    0.000000
     3         0         0         0    0.000000
     4         0         0         0    0.000000
     5         0         0         0    0.000000
     6         0         0         0    0.000000
     7         0         0         0    0.000000
     8         0         0         0    0.000000
     9         0         0         0    0.000000
    10         0         0         0    0.000000
    11         0         0         0    0.000000
    12       234       232         2    0.008547
    13       252       249         3    0.011905
    14       180       179         1    0.005556
    15       302       301         1    0.003311
    16       302       301         1    0.003311
    17       353       348         5    0.014164
    18       350       347         3    0.008571
    19       353       348         5    0.014164
  -> median_rel=0.008559  max_rel=0.014164

Galaxy 10527:
  snap      N_rr      N_ac      diff     rel_err
     0         0         0         0    0.000000
     1         0         0         0    0.000000
     2         0         0         0    0.000000
     3         0         0         0    0.000000
     4         0         0         0    0.000000
     5         0         0         0    0.000000
     6         0         0         0    0.000000
     7         0         0         0    0.000000
     8         0         0         0    0.000000
     9         0         0         0    0.000000
    10         0         0         0    0.000000
    11         0         0         0    0.000000
    12         0         0         0    0.000000
    13         0         0         0    0.000000
    14         0         0         0    0.000000
    15         1         1         0    0.000000
    16         1         1         0    0.000000
    17         0         0         0    0.000000
    18         0         0         0    0.000000
    19         1         1         0    0.000000

Galaxy 28706:
  snap      N_rr      N_ac      diff     rel_err
     0         0         0         0    0.000000
     1         0         0         0    0.000000
     2         0         0         0    0.000000
     3         0         0         0    0.000000
     4         0         0         0    0.000000
     5         0         0         0    0.000000
     6         0         0         0    0.000000
     7         0         0         0    0.000000
     8         0         0         0    0.000000
     9         0         0         0    0.000000
    10         0         0         0    0.000000
    11         0         0         0    0.000000
    12         0         0         0    0.000000
    13         0         0         0    0.000000
    14         0         0         0    0.000000
    15         0         0         0    0.000000
    16         0         0         0    0.000000
    17         0         0         0    0.000000
    18         0         0         0    0.000000
    19         1         1         0    0.000000

Galaxy 24188:
  snap      N_rr      N_ac      diff     rel_err
     0         0         0         0    0.000000
     1         0         0         0    0.000000
     2         0         0         0    0.000000
     3         0         0         0    0.000000
     4         0         0         0    0.000000
     5         0         0         0    0.000000
     6         0         0         0    0.000000
     7         0         0         0    0.000000
     8         0         0         0    0.000000
     9         0         0         0    0.000000
    10         0         0         0    0.000000
    11         0         0         0    0.000000
    12         0         0         0    0.000000
    13         0         0         0    0.000000
    14         0         0         0    0.000000
    15         0         0         0    0.000000
    16         0         0         0    0.000000
    17         0         0         0    0.000000
    18         1         0         1    1.000000
    19         1         0         1    1.000000

Galaxy 46263:
  snap      N_rr      N_ac      diff     rel_err
     0         0         0         0    0.000000
     1         0         0         0    0.000000
     2         0         0         0    0.000000
     3         0         0         0    0.000000
     4         0         0         0    0.000000
     5         0         0         0    0.000000
     6         0         0         0    0.000000
     7         0         0         0    0.000000
     8         0         0         0    0.000000
     9         0         0         0    0.000000
    10         0         0         0    0.000000
    11         0         0         0    0.000000
    12         0         0         0    0.000000
    13         0         0         0    0.000000
    14         0         0         0    0.000000
    15         0         0         0    0.000000
    16         0         0         0    0.000000
    17         0         0         0    0.000000
    18         0         0         0    0.000000
    19         1         1         0    0.000000

Galaxy 15632:
  snap      N_rr      N_ac      diff     rel_err
     0         0         0         0    0.000000
     1         0         0         0    0.000000
     2         0         0         0    0.000000
     3         0         0         0    0.000000
     4         0         0         0    0.000000
     5         0         0         0    0.000000
     6         0         0         0    0.000000
     7         0         0         0    0.000000
     8         0         0         0    0.000000
     9         0         0         0    0.000000
    10         0         0         0    0.000000
    11         0         0         0    0.000000
    12         0         0         0    0.000000
    13         0         0         0    0.000000
    14         0         0         0    0.000000
    15         0         0         0    0.000000
    16         0         0         0    0.000000
    17         0         0         0    0.000000
    18         1         0         1    1.000000
    19         1         0         1    1.000000