======================================================================
PROPERTIES CHECK — Galaxy properties comparison
Target galaxies: [3700, 714, 1250, 22616, 3739, 24719, 701, 10998, 7828, 12264, 19057, 2582, 42993, 22552, 31998, 10527, 28706, 24188, 46263, 15632]
======================================================================

Galaxy 3700:
  snap  Mtot_rr    Mtot_ac     diff    rel  rh_rr    rh_ac     diff    rel  sigma_rr    sigma_ac     diff    rel
     0  3438659.77  3438659.77    0.00   0.0000      2.16      1.41    0.75   0.3468     21.24     21.88    0.64   0.0293
     3  5873638.80  2705516.09  3168122.70   0.5394     47.59      1.58   46.02   0.9669     37.84     19.58   18.26   0.4826
     4  16850148.26  11158930.03  5691218.24   0.3378      2.44      1.41    1.03   0.4233     44.19     20.46   23.73   0.5370
     5  15825128.46  10184430.88  5640697.58   0.3564      3.09      1.64    1.45   0.4697     44.05     21.69   22.37   0.5077
     6  15766558.22  10131234.11  5635324.11   0.3574      2.46      1.40    1.06   0.4308     50.38     24.87   25.51   0.5063
     7  15527375.41  9949518.45  5577856.96   0.3592      2.69      1.64    1.05   0.3890     64.59     25.72   38.88   0.6019
     8  66471087.61  100571718.61  34100631.00   0.3391      5.61      4.96    0.66   0.1169     72.61     64.91    7.70   0.1061
     9  82429509.19  117072878.30  34643369.11   0.2959      6.18      5.10    1.07   0.1735     60.45     58.10    2.35   0.0388
    10  89647254.19  124267250.74  34619996.56   0.2786      5.82      5.04    0.78   0.1342     52.58     51.53    1.05   0.0200
    11  151015571.81  200248874.92  49233303.11   0.2459      6.34      6.35    0.00   0.0006     61.60     64.70    3.10   0.0478
    12  180823296.15  230928944.02  50105647.87   0.2170      7.74      7.77    0.03   0.0033     54.97     57.42    2.45   0.0427
    13  180803536.71  230922253.87  50118717.16   0.2170      7.63      7.66    0.02   0.0028     54.96     57.35    2.39   0.0416
    14  184664024.47  219732886.40  35068861.93   0.1596      5.64      5.34    0.30   0.0534     59.02     58.33    0.69   0.0116
    15  247322903.01  281093981.06  33771078.04   0.1201      4.89      4.72    0.18   0.0360     61.38     60.83    0.55   0.0090
    16  254920576.18  288702175.89  33781599.71   0.1170      4.85      4.61    0.24   0.0500     63.01     62.20    0.81   0.0128
    17  277966105.31  331648110.93  53682005.62   0.1619      7.29      7.46    0.17   0.0232     59.68     59.46    0.22   0.0037
    18  304093991.69  361776791.82  57682800.13   0.1594      6.96      7.17    0.21   0.0295     59.33     61.23    1.90   0.0310
    19  307008186.99  366330523.05  59322336.06   0.1619      4.88      5.08    0.20   0.0395     61.41     65.04    3.63   0.0558

Galaxy 714:
  snap  Mtot_rr    Mtot_ac     diff    rel  rh_rr    rh_ac     diff    rel  sigma_rr    sigma_ac     diff    rel
     0  1376185.16  1376185.16    0.00   0.0000      1.08      1.08    0.01   0.0069     19.88     20.08    0.20   0.0101
     1  2055756.50  2055756.50    0.00   0.0000      1.17      1.02    0.16   0.1329     20.86     20.90    0.04   0.0019
     2  15701928.66  13771748.42  1930180.24   0.1229      5.69      4.17    1.52   0.2671     30.84     33.60    2.76   0.0821
     3  14657339.02  12758019.56  1899319.46   0.1296      5.57      3.09    2.48   0.4460     30.32     30.19    0.13   0.0043
     4  19143859.14  17509038.94  1634820.19   0.0854      3.85      3.10    0.75   0.1945     29.37     30.38    1.00   0.0330
     5  20109508.10  18894196.47  1215311.63   0.0604     17.41      2.51   14.90   0.8561     34.33     35.83    1.50   0.0418
     6  19997273.48  18779413.92  1217859.56   0.0609     17.39      2.81   14.57   0.8382     30.90     31.06    0.16   0.0051
     7  22723719.20  21499585.87  1224133.33   0.0539      3.62      3.51    0.11   0.0303     30.52     30.11    0.41   0.0134
     8  22933107.14  21706277.13  1226830.01   0.0535      2.41      2.30    0.11   0.0454     39.27     39.40    0.13   0.0033
     9  25385095.55  24157583.85  1227511.69   0.0484      2.24      2.14    0.10   0.0466     38.28     37.39    0.89   0.0232
    10  29154777.35  27926615.59  1228161.77   0.0421      2.89      2.74    0.15   0.0529     33.67     32.92    0.75   0.0224
    11  34351551.59  33122715.38  1228836.21   0.0358      2.95      2.83    0.12   0.0400     32.89     31.16    1.73   0.0526
    12  35699418.99  34554147.98  1145271.01   0.0321      2.52      2.46    0.06   0.0239     39.26     37.45    1.80   0.0460
    13  35749357.40  34604084.02  1145273.38   0.0320      2.53      2.47    0.06   0.0237     39.32     37.51    1.81   0.0460
    14  57222689.28  107166932.89  49944243.61   0.4660     50.06     18.94   31.12   0.6216     50.92     49.83    1.10   0.0215
    15  99869918.00  148496452.13  48626534.14   0.3275     11.33      6.28    5.05   0.4456     80.34     79.70    0.63   0.0079
    16  102174229.64  150520537.03  48346307.39   0.3212      5.98      5.09    0.88   0.1478     94.04     93.95    0.09   0.0010
    17  135149209.68  181328832.64  46179622.96   0.2547     10.77     10.00    0.78   0.0720     54.37     52.01    2.36   0.0435
    18  155291288.14  205214349.59  49923061.45   0.2433      7.44      7.30    0.15   0.0198     65.50     64.09    1.41   0.0215
    19  173372551.93  223860645.58  50488093.64   0.2255      7.00      6.68    0.32   0.0463     69.13     67.57    1.56   0.0226

Galaxy 1250:
  snap  Mtot_rr    Mtot_ac     diff    rel  rh_rr    rh_ac     diff    rel  sigma_rr    sigma_ac     diff    rel
     3  2525148.56  2525148.56    0.00   0.0000      0.19      0.18    0.01   0.0579     34.56     34.64    0.08   0.0024
     4  10396014.94  10396014.94    0.00   0.0000      1.03      1.01    0.02   0.0204     24.18     24.18    0.00   0.0000
     5  10367027.47  10367027.47    0.00   0.0000      1.07      1.05    0.02   0.0209     26.76     26.76    0.00   0.0002
     6  10288244.19  10288244.19    0.00   0.0000      1.20      1.21    0.01   0.0101     22.87     22.87    0.00   0.0000
     7  10459636.99  10459636.99    0.00   0.0000      1.18      1.11    0.06   0.0542     28.77     28.77    0.01   0.0002
     8  12111430.31  12111430.31    0.00   0.0000      1.51      1.51    0.00   0.0000     24.50     24.50    0.01   0.0003
     9  13114792.92  13114792.92    0.00   0.0000      1.55      1.55    0.00   0.0000     27.13     27.12    0.01   0.0003
    10  13021062.37  13028656.94  7594.57   0.0006      1.77      1.77    0.01   0.0037     24.10     24.12    0.01   0.0006
    11  13429624.74  13422653.21  6971.53   0.0005      3.11      2.59    0.53   0.1699     31.89     31.98    0.09   0.0028
    12  13490442.67  13496702.34  6259.67   0.0005      8.75      8.37    0.38   0.0439     32.68     38.44    5.76   0.1499
    13  13490135.63  13431314.71  58820.93   0.0044      8.94      8.41    0.52   0.0587     32.59     38.23    5.64   0.1475
    14  25392533.61  25025329.73  367203.89   0.0145     20.68     17.78    2.90   0.1402     36.52     39.86    3.34   0.0839
    15  41691841.66  39636132.06  2055709.60   0.0493      3.46      3.47    0.00   0.0014     47.35     45.55    1.81   0.0381
    16  44559531.65  41668721.77  2890809.88   0.0649      2.97      2.56    0.41   0.1374     46.16     43.90    2.26   0.0490
    17  83518228.38  77018006.78  6500221.59   0.0778      3.20      3.22    0.02   0.0050     48.23     46.13    2.10   0.0436
    18  100066433.87  90635482.59  9430951.28   0.0942      5.20      4.82    0.38   0.0735     53.82     50.13    3.69   0.0685
    19  101931634.67  87044873.92  14886760.75   0.1460      5.77      5.69    0.08   0.0139     48.02     41.38    6.64   0.1383

Galaxy 22616:
  snap  Mtot_rr    Mtot_ac     diff    rel  rh_rr    rh_ac     diff    rel  sigma_rr    sigma_ac     diff    rel

Galaxy 3739:
  snap  Mtot_rr    Mtot_ac     diff    rel  rh_rr    rh_ac     diff    rel  sigma_rr    sigma_ac     diff    rel
     7  1055825.45  1049812.27  6013.18   0.0057      0.39      1.35    0.95   0.7090     19.81     22.52    2.71   0.1202
     8  2032572.22  1369474.63  663097.59   0.3262      3.07      0.52    2.55   0.8319     37.00     26.91   10.09   0.2727
     9  6856883.80  7146889.78  290005.97   0.0406      3.02      3.00    0.02   0.0072     30.10     30.35    0.25   0.0083
    10  8061299.48  8347907.99  286608.51   0.0343      1.73      1.71    0.02   0.0124     33.17     33.28    0.11   0.0034
    11  11623610.85  11906128.98  282518.13   0.0237      1.51      1.48    0.03   0.0228     29.17     29.11    0.06   0.0021
    12  11532329.46  11812110.49  279781.03   0.0237      1.49      1.47    0.02   0.0118     29.87     29.91    0.04   0.0013
    13  11530706.07  11810480.49  279774.42   0.0237      1.49      1.48    0.01   0.0084     29.89     29.92    0.03   0.0011
    14  13783400.38  12710525.86  1072874.53   0.0778      1.99      1.69    0.30   0.1529     34.89     30.03    4.86   0.1392
    15  20256042.81  30472207.98  10216165.16   0.3353      2.29      1.97    0.32   0.1406     34.50     34.79    0.29   0.0083
    16  20109422.46  30319902.65  10210480.19   0.3368      2.24      1.98    0.25   0.1129     34.45     34.51    0.05   0.0016
    17  22230046.68  33574795.63  11344748.95   0.3379      2.04      1.92    0.11   0.0554     37.68     40.45    2.77   0.0685
    18  54559890.68  87328674.70  32768784.02   0.3752      5.10      5.64    0.54   0.0962     66.88     64.81    2.07   0.0309
    19  63587355.87  97670785.05  34083429.18   0.3490      6.77      7.36    0.59   0.0803     56.33     61.62    5.29   0.0858

Galaxy 24719:
  snap  Mtot_rr    Mtot_ac     diff    rel  rh_rr    rh_ac     diff    rel  sigma_rr    sigma_ac     diff    rel

Galaxy 701:
  snap  Mtot_rr    Mtot_ac     diff    rel  rh_rr    rh_ac     diff    rel  sigma_rr    sigma_ac     diff    rel
     6  969839.79  10075760.50  9105920.70   0.9037      4.82      3.28    1.54   0.3188     19.80     41.41   21.60   0.5217
     7  4878510.47  13693970.72  8815460.25   0.6437      2.88      2.95    0.06   0.0211     20.93     31.90   10.98   0.3441
     8  9587434.10  18266790.89  8679356.79   0.4751      3.37      3.76    0.40   0.1053     32.63     34.49    1.86   0.0538
     9  10596535.74  19235449.07  8638913.33   0.4491      2.77      3.03    0.26   0.0856     36.73     40.02    3.29   0.0821
    10  17277741.62  25879235.90  8601494.28   0.3324      4.55      4.38    0.16   0.0357     37.10     35.94    1.17   0.0314
    11  28340922.56  36840168.73  8499246.17   0.2307      3.60      3.49    0.11   0.0294     43.64     44.12    0.48   0.0109
    12  35917361.18  44087679.35  8170318.17   0.1853      4.42      4.28    0.13   0.0304     37.88     38.35    0.47   0.0121
    13  36171117.35  44554518.73  8383401.38   0.1882      4.44      4.44    0.00   0.0000     37.98     38.39    0.41   0.0106
    14  61519307.71  69994994.94  8475687.22   0.1211      4.38      4.31    0.07   0.0156     52.27     52.00    0.27   0.0052
    15  62422859.47  70873548.85  8450689.38   0.1192      5.10      4.94    0.16   0.0318     47.25     47.59    0.34   0.0071
    16  64211269.93  72665434.63  8454164.70   0.1163      3.27      3.31    0.04   0.0136     54.38     53.96    0.42   0.0077
    17  72933656.56  81378036.35  8444379.79   0.1038      4.43      4.39    0.04   0.0090     41.92     41.86    0.06   0.0014
    18  78131933.10  86549584.28  8417651.18   0.0973      4.06      4.09    0.03   0.0077     41.11     41.23    0.11   0.0028
    19  78316194.81  86697048.89  8380854.08   0.0967      3.79      3.86    0.08   0.0202     43.78     43.63    0.15   0.0034

Galaxy 10998:
  snap  Mtot_rr    Mtot_ac     diff    rel  rh_rr    rh_ac     diff    rel  sigma_rr    sigma_ac     diff    rel
    10  15926768.72  15926768.72    0.00   0.0000      1.75      1.75    0.00   0.0000     33.47     33.46    0.01   0.0003
    11  15667496.14  2082178.91  13585317.23   0.8671     56.21      1.88   54.33   0.9665     31.46     34.46    3.00   0.0870
    12  29183310.22  28347468.06  835842.16   0.0286      5.24      4.86    0.38   0.0719     54.30     66.65   12.34   0.1852
    13  29181630.45  28317917.50  863712.96   0.0296      5.33      4.87    0.47   0.0875     54.33     66.87   12.55   0.1876
    14  36853418.11  35628305.23  1225112.89   0.0332     13.67     13.34    0.33   0.0240     36.87     37.48    0.61   0.0162
    15  52837028.61  52871295.09  34266.48   0.0006      4.23      4.21    0.02   0.0043     50.74     55.21    4.47   0.0809
    16  57065347.62  57205065.48  139717.86   0.0024      3.79      3.80    0.01   0.0026     47.81     51.31    3.50   0.0682
    17  74324770.19  74864263.03  539492.84   0.0072      3.99      4.00    0.00   0.0010     48.23     49.71    1.48   0.0298
    18  94143765.39  94815480.92  671715.53   0.0071      4.32      4.32    0.01   0.0016     37.46     37.78    0.32   0.0083
    19  94438801.14  95032586.59  593785.45   0.0062      3.79      3.79    0.00   0.0000     39.10     39.33    0.23   0.0057

Galaxy 7828:
  snap  Mtot_rr    Mtot_ac     diff    rel  rh_rr    rh_ac     diff    rel  sigma_rr    sigma_ac     diff    rel

Galaxy 12264:
  snap  Mtot_rr    Mtot_ac     diff    rel  rh_rr    rh_ac     diff    rel  sigma_rr    sigma_ac     diff    rel

Galaxy 19057:
  snap  Mtot_rr    Mtot_ac     diff    rel  rh_rr    rh_ac     diff    rel  sigma_rr    sigma_ac     diff    rel
    15  3116117.38  3116117.38    0.00   0.0000      0.30      0.30    0.00   0.0000     26.89     26.85    0.04   0.0015
    16  3059375.79  3059375.79    0.00   0.0000      0.34      0.34    0.00   0.0000     23.94     23.94    0.00   0.0001
    17  2714846.26  2714846.26    0.00   0.0000      0.48      0.48    0.00   0.0000     22.75     22.72    0.03   0.0014
    18  2779780.73  2779780.73    0.00   0.0000      0.55      0.55    0.00   0.0000     24.48     24.45    0.03   0.0013
    19  2756857.41  2756857.41    0.00   0.0000      0.62      0.62    0.00   0.0000     22.81     22.78    0.03   0.0013

Galaxy 2582:
  snap  Mtot_rr    Mtot_ac     diff    rel  rh_rr    rh_ac     diff    rel  sigma_rr    sigma_ac     diff    rel
     8  892204.45  884699.45  7505.00   0.0084      0.52      0.52    0.00   0.0044     15.55     15.36    0.19   0.0125
     9  2324784.96  2300638.56  24146.40   0.0104      0.54      0.53    0.00   0.0051     21.40     21.27    0.14   0.0063
    10  2095523.13  2051205.68  44317.45   0.0211      1.17      1.15    0.02   0.0137     14.44     14.28    0.15   0.0107
    11  2002446.94  1951786.63  50660.32   0.0253      1.16      1.13    0.03   0.0259     15.01     14.88    0.13   0.0087
    12  1972165.54  1929442.29  42723.25   0.0217      1.23      1.21    0.02   0.0150     14.77     14.53    0.24   0.0161
    13  1972068.40  1929346.47  42721.93   0.0217      1.23      1.22    0.01   0.0083     14.78     14.54    0.24   0.0163
    14  1944623.63  1902285.26  42338.36   0.0218      1.24      1.19    0.05   0.0391     15.59     15.50    0.09   0.0058
    15  1950809.90  2284610.95  333801.05   0.1461      1.21      1.40    0.19   0.1373     17.31     17.46    0.14   0.0082
    16  1947546.97  2281133.43  333586.46   0.1462      1.20      1.37    0.17   0.1253     17.14     18.18    1.04   0.0574
    17  2162439.67  2494805.44  332365.77   0.1332      1.19      1.45    0.26   0.1792     18.35     19.11    0.75   0.0395
    18  2235744.91  2567194.99  331450.09   0.1291      2.17      2.32    0.15   0.0662     14.94     14.72    0.22   0.0149
    19  2229295.78  2560530.68  331234.90   0.1294      1.95      2.13    0.18   0.0842     16.07     15.68    0.40   0.0246

Galaxy 42993:
  snap  Mtot_rr    Mtot_ac     diff    rel  rh_rr    rh_ac     diff    rel  sigma_rr    sigma_ac     diff    rel

Galaxy 22552:
  snap  Mtot_rr    Mtot_ac     diff    rel  rh_rr    rh_ac     diff    rel  sigma_rr    sigma_ac     diff    rel

Galaxy 31998:
  snap  Mtot_rr    Mtot_ac     diff    rel  rh_rr    rh_ac     diff    rel  sigma_rr    sigma_ac     diff    rel
    12  1812940.30  1797327.68  15612.63   0.0086      0.58      0.58    0.00   0.0005     17.28     17.26    0.02   0.0009
    13  1954410.38  1930158.38  24251.99   0.0124      0.83      0.78    0.04   0.0513     17.12     17.09    0.03   0.0018
    14  2063293.13  2004899.82  58393.30   0.0283      0.67      0.65    0.02   0.0368     17.32     17.48    0.16   0.0091
    15  2012302.67  2136756.13  124453.46   0.0582      0.88      0.81    0.06   0.0735     17.01     17.37    0.36   0.0208
    16  2006210.83  2208645.29  202434.47   0.0917      0.88      0.81    0.07   0.0804     16.30     16.41    0.11   0.0066
    17  1975261.96  2422589.31  447327.35   0.1846      1.05      1.04    0.01   0.0048     16.94     16.67    0.28   0.0163
    18  1955070.16  2395620.71  440550.55   0.1839      1.00      1.00    0.00   0.0002     17.53     17.51    0.02   0.0011
    19  1950636.67  2389761.68  439125.00   0.1838      1.12      1.07    0.05   0.0471     16.37     16.63    0.26   0.0157

Galaxy 10527:
  snap  Mtot_rr    Mtot_ac     diff    rel  rh_rr    rh_ac     diff    rel  sigma_rr    sigma_ac     diff    rel

Galaxy 28706:
  snap  Mtot_rr    Mtot_ac     diff    rel  rh_rr    rh_ac     diff    rel  sigma_rr    sigma_ac     diff    rel

Galaxy 24188:
  snap  Mtot_rr    Mtot_ac     diff    rel  rh_rr    rh_ac     diff    rel  sigma_rr    sigma_ac     diff    rel

Galaxy 46263:
  snap  Mtot_rr    Mtot_ac     diff    rel  rh_rr    rh_ac     diff    rel  sigma_rr    sigma_ac     diff    rel

Galaxy 15632:
  snap  Mtot_rr    Mtot_ac     diff    rel  rh_rr    rh_ac     diff    rel  sigma_rr    sigma_ac     diff    rel


==================================================
AGGREGATE PROPERTIES SUMMARY
==================================================
      property  median_rel     max_rel   N_samples
          Mtot    0.077834    0.903745         118
            rh    0.039106    0.966887         117
         sigma    0.016103    0.601870         117