======================================================================
ASSIGNMENT CHECK — Per-particle Sub_tree_id agreement
Target galaxies: [3700, 714, 1250, 22616, 3739, 24719, 701, 10998, 7828, 12264, 19057, 2582, 42993, 22552, 31998, 10527, 28706, 24188, 46263, 15632]
======================================================================

snap   N_total   N_match    accuracy   N_rr_only   N_ac_only
     0       688       688    1.000000           0           0
     1      1362      1362    1.000000           0           0
     2      5050      5050    1.000000         543           0
     3     16837     16837    1.000000         782           0
     4     54660     54659    0.999982        5795           0
     5     68334     68333    0.999985        6860           0
     6     71906     71852    0.999249        7626           0
     7    102719    102474    0.997615       19454           0
     8    136240    135682    0.995904       34050           0
     9    141387    140805    0.995884       37036           0
    10    154680    153905    0.994990       53743           0
    11    184072    183387    0.996279       93438           0
    12    209829    208878    0.995468      102471           0
    13    209946    208887    0.994956      102486           0
    14    234963    232149    0.988024      136713           0
    15    268262    267416    0.996846      413474           0
    16    272036    270720    0.995162      420455           0
    17    301846    299498    0.992221      453912           0
    18    337513    333503    0.988119      530493           0
    19    345876    342638    0.990638      533676           0

Accuracy across snapshots: median=0.996091  min=0.988024


Per-galaxy assignment accuracy (target galaxies):
    galaxy       s0       s1       s2       s3       s4       s5       s6       s7       s8       s9      s10      s11      s12      s13      s14      s15      s16      s17      s18      s19
    3700   1.0000   0.0000   0.0000   1.0000   1.0000   1.0000   1.0000   1.0000   0.9998   1.0000   0.9999   0.9999   1.0000   1.0000   1.0000   1.0000   1.0000   1.0000   0.9999   1.0000
     714   1.0000   1.0000   1.0000   1.0000   1.0000   1.0000   1.0000   1.0000   1.0000   1.0000   1.0000   1.0000   0.9998   0.9992   0.8910   0.9911   0.9962   0.9697   0.9589   0.9935
    1250   0.0000   0.0000   0.0000   1.0000   1.0000   1.0000   1.0000   1.0000   1.0000   1.0000   0.8972   0.8121   0.9883   0.9264   0.6827   0.9710   0.9895   0.9398   0.9595   0.9939
   22616   0.0000   0.0000   0.0000   0.0000   0.0000   0.0000   0.0000   0.0000   0.0000   0.0000   0.0000   0.0000   0.0000   0.0000   0.0000   0.0000   0.0000   0.0000   0.0000   0.0000
    3739   0.0000   0.0000   0.0000   0.0000   0.0000   0.0000   0.0000   0.9535   0.6384   0.9969   1.0000   1.0000   1.0000   1.0000   0.9009   1.0000   1.0000   0.9992   0.9998   0.9999
   24719   0.0000   0.0000   0.0000   0.0000   0.0000   0.0000   0.0000   0.0000   0.0000   0.0000   0.0000   0.0000   0.0000   0.0000   0.0000   0.0000   0.0000   0.0000   0.0000   0.0000
     701   0.0000   0.0000   0.0000   0.0000   0.0000   0.0000   1.0000   1.0000   1.0000   1.0000   1.0000   0.9947   0.9924   0.9972   1.0000   1.0000   1.0000   0.9998   0.9997   0.9999
   10998   0.0000   0.0000   0.0000   0.0000   0.0000   0.0000   0.0000   0.0000   0.0000   0.0000   1.0000   1.0000   0.9862   0.9807   0.9198   0.9906   0.9995   0.9995   0.9947   0.9911
    7828   0.0000   0.0000   0.0000   0.0000   0.0000   0.0000   0.0000   0.0000   0.0000   0.0000   0.0000   0.0000   0.0000   0.0000   0.0000   0.0000   0.0000   0.0000   0.0000   0.0000
   12264   0.0000   0.0000   0.0000   0.0000   0.0000   0.0000   0.0000   0.0000   0.0000   0.0000   0.0000   0.0000   0.0000   0.0000   0.0000   0.0000   0.0000   0.0000   0.0000   0.0000
   19057   0.0000   0.0000   0.0000   0.0000   0.0000   0.0000   0.0000   0.0000   0.0000   0.0000   0.0000   0.0000   0.0000   0.0000   0.0000   1.0000   1.0000   1.0000   1.0000   1.0000
    2582   0.0000   0.0000   0.0000   0.0000   0.0000   0.0000   0.0000   1.0000   0.9908   0.9963   0.9963   0.9963   0.9963   0.9963   0.9963   0.9850   0.9850   0.9842   0.9867   0.9867
   42993   0.0000   0.0000   0.0000   0.0000   0.0000   0.0000   0.0000   0.0000   0.0000   0.0000   0.0000   0.0000   0.0000   0.0000   0.0000   0.0000   0.0000   0.0000   0.0000   0.0000
   22552   0.0000   0.0000   0.0000   0.0000   0.0000   0.0000   0.0000   0.0000   0.0000   0.0000   0.0000   0.0000   0.0000   0.0000   0.0000   0.0000   0.0000   0.0000   0.0000   0.0000
   31998   0.0000   0.0000   0.0000   0.0000   0.0000   0.0000   0.0000   0.0000   0.0000   0.0000   0.0000   0.0000   0.9915   0.9881   0.9833   0.9967   0.9967   0.9858   0.9857   0.9858
   10527   0.0000   0.0000   0.0000   0.0000   0.0000   0.0000   0.0000   0.0000   0.0000   0.0000   0.0000   0.0000   0.0000   0.0000   0.0000   1.0000   1.0000   0.0000   0.0000   1.0000
   28706   0.0000   0.0000   0.0000   0.0000   0.0000   0.0000   0.0000   0.0000   0.0000   0.0000   0.0000   0.0000   0.0000   0.0000   0.0000   0.0000   0.0000   0.0000   0.0000   1.0000
   24188   0.0000   0.0000   0.0000   0.0000   0.0000   0.0000   0.0000   0.0000   0.0000   0.0000   0.0000   0.0000   0.0000   0.0000   0.0000   0.0000   0.0000   0.0000   0.0000   0.0000
   46263   0.0000   0.0000   0.0000   0.0000   0.0000   0.0000   0.0000   0.0000   0.0000   0.0000   0.0000   0.0000   0.0000   0.0000   0.0000   0.0000   0.0000   0.0000   0.0000   1.0000
   15632   0.0000   0.0000   0.0000   0.0000   0.0000   0.0000   0.0000   0.0000   0.0000   0.0000   0.0000   0.0000   0.0000   0.0000   0.0000   0.0000   0.0000   0.0000   0.0000   0.0000